
874.888,162.564
8.09422e-15

449.905,51.4668
8.09422e-15

358.477,16.0354
2.60902e-15

907.587,52.3796
6.75848e-15

644.293,41.3051
7.74242e-14

592.897,40.1616
8.25728e-16

1130.12,71.2585
7.29694e-14

525.07,79.9304
1.66679e-13

655.374,32.1091
6.245e-15

722.562,47.1916
7.71605e-15

620.674,10.9626
5.32907e-15

797.27,50.1294
3.05311e-16

770.609,16.5693
2.77556e-15

649.56,65.2513
2.55455e-14

960.776,37.2734
1.4419e-14

810.064,35.4367
6.91114e-15

962.674,12.9612
2.9976e-15

494.521,36.2096
6.56419e-15

553.85,50.1192
3.46043e-14

601.227,53.4411
1.51407e-14

879.054,37.942
8.99975e-15

464.186,17.0477
5.07927e-15

1149.48,77.0293
8.97477e-14

835.234,28.2817
1.75832e-14

696.71,47.1338
3.05658e-14

719.013,63.1148
5.38354e-14

489.791,11.195
5.27356e-16

590.856,54.3893
2.4418e-14

750.992,26.3914
3.07393e-15

541.788,55.2614
6.10623e-14

665.841,41.0139
1.06165e-15

818.79,40.5493
3.80251e-15

885.175,13.0917
5.82867e-16

761.431,53.5207
3.54994e-14

686.889,44.1285
1.34406e-14

486.658,30.688
1.01169e-14

658.045,29.302
2.05808e-14

360.618,10.1905
8.88178e-16

640.672,61.6783
1.55917e-14

763.173,17.2627
4.94049e-15

663.359,54.7427
4.83988e-15

803.608,45.3887
4.81559e-15

774.065,24.6364
1.04083e-15

620.133,56.8715
3.14609e-14

540.283,33.9388
5.2236e-14

342.328,15.0458
1.66811e-14

851.624,47.4291
9.04832e-15

896.922,62.8077
1.31381e-13

859.644,16.021
3.71925e-15

932.207,24.5857
4.55608e-14

692.054,12.1074
6.10623e-16

1279.46,25.3393
3.44169e-15

347.631,9.31377
4.44089e-16

483.526,33.0426
3.91354e-15

642.777,36.9767
1.38778e-15

506.113,19.7712
1.06859e-15

813.472,55.6623
1.096e-14

618.567,29.5929
9.16628e-15

438.314,13.7471
1.1996e-13

748.642,44.8982
4.23273e-15

440.604,45.6415
5.36376e-15

707.184,9.68993
6.10623e-15

952.282,50.9863
5.94039e-14

798.757,51.5387
7.36911e-15

801.689,40.821
1.57513e-15

957.711,70.7828
1.93089e-13

518.626,10.2711
3.66374e-15

705.967,47.3837
1.079e-14

633.392,32.4994
7.79932e-15

577.872,19.5257
3.13638e-15

577.739,27.9773
1.17212e-13

700.804,54.9906
7.38645e-15

938.881,52.3455
2.5431e-14

692.976,93.2271
5.33393e-14

1110.84,57.7663
1.28585e-13

572.873,31.3205
2.27596e-15

518.065,13.0136
5.10703e-15

617.342,36.6115
3.70537e-15

810.554,28.8541
1.249e-16

705.932,28.0041
6.03684e-15

705.567,55.2136
4.11823e-15

881.202,56.2298
1.1241e-15

844.284,54.7196
1.06443e-14

847.273,61.7466
3.3723e-15

686.832,46.1282
2.9976e-14

560.483,51.8966
1.69881e-14

687.088,47.0019
1.08732e-14

589.92,36.4204
1.08386e-14

707.863,41.9903
5.55112e-17

559.18,67.5785
1.22322e-13

497.739,41.0994
1.83811e-14

457.145,23.2987
2.70617e-15

1180.84,36.3088
1.9016e-13

685.207,31.3342
1.44121e-14

563.145,12.0427
2.22045e-16

720.1,57.5338
2.41474e-15

1091,16.4732
1.44329e-14

603.775,9.85038
1.83187e-15

941.789,41.01
1.15186e-15

1084.7,19.5492
3.38618e-15

