
===== Extracted Comparison Data =====
449.039,107.402
3.40006e-16

47.0617,6.25886
3.40006e-16

32.1706,6.14359
3.7817e-16

46.4255,6.91268
1.00961e-14

35.4902,5.93217
4.75314e-16

37.1049,5.87549
1.38778e-17

52.1875,6.61857
1.20563e-16

49.2844,7.01936
1.20823e-15

29.5817,5.77992
2.60209e-16

23.9061,5.66784
7.87564e-16

48.9045,6.14324
5.89633e-15

29.8319,5.62496
1.0339e-15

21.7728,5.41589
1.66533e-16

26.2545,5.45241
1.36002e-15

33.4943,5.95006
3.92048e-16

36.3292,6.25798
1.13104e-15

36.3006,7.09569
1.249e-16

25.7315,5.85605
6.245e-17

28.3817,6.24054
1.93422e-15

35.6256,6.57817
1.8735e-16

39.4084,7.11223
6.01949e-15

26.5854,6.18038
2.48065e-16

43.0427,6.21641
2.39175e-15

27.6234,5.60102
7.45931e-16

31.515,5.8791
2.04697e-16

61.602,6.92225
6.83481e-15

41.4991,6.0722
4.90775e-14

33.852,5.99008
1.01655e-15

29.87,6.00045
4.85723e-16

30.0357,5.99789
4.09395e-16

29.9424,5.77526
6.93889e-16

42.5577,5.93999
1.70003e-16

26.3281,6.01408
2.51882e-15

53.9308,6.58227
5.41234e-16

34.4623,5.81834
3.98986e-17

52.8003,6.25423
7.38992e-16

36.3176,6.1501
6.62664e-16

43.717,6.50926
1.02696e-15

37.17,6.53171
9.26342e-16

56.9873,8.71182
1.0044e-15

28.0948,6.21485
8.60423e-16

44.4789,6.95835
6.20164e-17

43.288,7.3325
1.61676e-15

27.5764,5.86681
1.80203e-14

36.4353,6.27822
6.57634e-15

26.5648,5.55698
3.22815e-14

23.9571,5.58591
1.33227e-15

27.7445,5.71986
5.89806e-17

40.985,6.23432
7.00828e-16

48.8532,6.33209
1.45717e-16

47.0309,6.30802
1.32533e-15

28.0934,5.58302
1.81521e-14

30.171,5.51455
1.98452e-15

26.0164,5.18194
1.18308e-15

26.8765,5.58726
7.49401e-16

23.5299,5.69011
3.60822e-16

23.2968,5.64808
4.47559e-16

35.4207,6.22011
5.3603e-16

41.2405,6.04913
7.97973e-17

52.5751,6.5392
1.22125e-15

45.3207,7.08459
4.39752e-16

37.5931,5.89931
3.57353e-15

22.2378,5.41607
5.93275e-16

26.9608,6.02034
6.99961e-15

26.2761,5.72637
3.71231e-15

40.1124,6.11433
6.17562e-16

37.2636,5.83746
8.32667e-17

49.6211,6.84838
5.99347e-16

42.1219,6.12251
6.95451e-15

34.8299,5.96803
3.46945e-16

45.3672,6.49273
7.97973e-17

34.8258,6.15278
7.01349e-15

47.9803,6.49866
2.23519e-15

35.3532,6.10437
2.45637e-15

32.4476,5.69247
1.70003e-16

23.0618,5.38188
4.52902e-14

37.2554,6.2461
9.61037e-16

25.6674,5.39903
4.16681e-15

41.491,6.73648
1.57513e-15

30.1052,5.4256
4.51028e-16

45.5526,6.71733
8.1532e-17

28.1168,5.8169
7.95287e-13

30.4424,6.069
5.48173e-16

23.7439,5.91012
2.57657e-05

37.2513,6.84274
6.93889e-16

