
===== Extracted Comparison Data =====
411.189,117.5
3.40006e-16

20.3554,6.84449
3.40006e-16

17.3893,5.71507
3.92048e-16

20.1311,6.64194
1.00805e-14

18.005,5.50352
4.82253e-16

18.6681,5.61213
1.04083e-17

21.3432,6.20717
1.48319e-16

20.8674,6.57562
1.2915e-15

16.5525,6.29959
2.63678e-16

15.7446,5.66803
8.53484e-16

22.2039,6.1673
5.89459e-15

16.9296,5.54353
1.01308e-15

15.6059,5.28952
1.73472e-16

17.5024,5.43718
1.33227e-15

19.1433,5.6913
4.09395e-16

19.9335,6.40203
1.17961e-15

19.6647,6.185
2.01228e-16

16.4497,5.49921
2.08167e-17

17.1223,5.47981
1.93942e-15

19.1212,5.60887
2.15106e-16

18.0418,5.87014
6.01168e-15

15.2028,5.03785
2.61943e-16

18.8987,5.46366
2.41257e-15

15.6347,5.11708
7.18176e-16

16.936,5.09269
1.17961e-16

23.4653,5.93716
6.7446e-15

18.5108,5.2485
4.90493e-14

17.5385,5.49673
1.05124e-15

16.6179,5.39798
5.20417e-16

16.715,5.43379
3.88578e-16

16.3208,5.29024
6.76542e-16

18.7316,5.22272
1.76942e-16

15.6573,5.04259
2.49106e-15

21.9333,5.92753
4.44089e-16

17.7395,5.4479
5.20417e-17

26.5042,5.81244
7.04298e-16

18.5325,5.16247
7.00828e-16

19.0734,5.47718
1.00267e-15

18.1482,5.54372
9.26342e-16

22.4753,7.90357
1.00094e-15

16.057,5.285
8.25728e-16

19.5227,6.0773
4.33681e-17

19.1481,6.22135
1.58207e-15

15.3319,5.027
1.80099e-14

17.7473,5.62818
6.6596e-15

15.9218,5.07488
3.23491e-14

14.9646,4.98971
1.23512e-15

15.9396,5.06305
4.85723e-17

19.2301,5.76995
6.55725e-16

20.4825,5.63942
1.249e-16

20.0119,5.45302
1.26982e-15

16.007,5.22569
1.81782e-14

16.6623,5.26077
2.00187e-15

15.4878,4.92258
1.15186e-15

15.7491,5.1119
7.00828e-16

14.7322,5.32386
3.85109e-16

14.9533,5.04637
4.3715e-16

19.0313,5.3232
4.56232e-16

18.6281,5.90917
8.32667e-17

21.5653,5.64816
1.26808e-15

19.5549,6.12957
4.25007e-16

18.6088,5.45304
3.52843e-15

14.6137,4.78679
6.45317e-16

15.7899,5.27729
7.01696e-15

15.7874,4.98353
3.70537e-15

18.4286,5.14664
6.26235e-16

18.4333,5.31036
1.80411e-16

20.8359,5.92175
7.79758e-16

19.1829,5.14877
6.94063e-15

18.2242,5.33016
3.22659e-16

20.3498,6.0589
8.32667e-17

17.8684,5.55904
6.96665e-15

20.6634,6.005
2.27162e-15

18.2394,5.42427
2.42861e-15

17.8835,5.23796
1.70003e-16

14.8631,5.08918
4.52745e-14

18.7494,5.74855
9.50628e-16

15.8167,4.82064
4.17374e-15

20.0116,5.92905
1.67227e-15

17.1775,4.97661
5.41234e-16

20.2296,6.14785
8.32667e-17

16.5458,5.2592
7.95276e-13

16.9539,5.24676
5.20417e-16

14.8601,5.04336
2.57657e-05

18.5596,6.0989
6.80012e-16

