
===== Extracted Comparison Data =====
402.006,104.559
3.40006e-16

46.6355,5.71568
3.40006e-16

30.1776,5.27583
3.7817e-16

46.2396,6.23585
1.00961e-14

34.4475,5.17041
4.75314e-16

35.0311,5.26688
1.38778e-17

54.5878,5.71869
1.20563e-16

50.0331,6.46513
1.20823e-15

27.9648,5.1943
2.60209e-16

21.2308,5.03237
7.87564e-16

49.2673,5.66724
5.89633e-15

27.2795,4.98219
1.0339e-15

19.0027,4.83341
1.66533e-16

23.187,4.99692
1.36002e-15

31.3548,5.23966
3.92048e-16

34.4095,5.73705
1.13104e-15

34.9771,5.58337
1.249e-16

22.0819,4.97661
6.245e-17

24.8444,5.08399
1.93422e-15

33.0478,5.21965
1.8735e-16

34.986,5.69913
6.01949e-15

22.9651,5.08053
2.48065e-16

44.4825,6.48356
2.39175e-15

23.8439,4.81684
7.45931e-16

28.7551,5.06373
2.04697e-16

65.0854,6.25976
6.83481e-15

40.031,5.44634
4.90775e-14

30.9328,5.40143
1.01655e-15

26.6859,5.19032
4.85723e-16

26.6244,5.56386
4.09395e-16

26.4596,5.1426
6.93889e-16

40.6877,5.13835
1.70003e-16

22.7675,4.955
2.51882e-15

55.0195,6.54791
5.41234e-16

32.0021,6.84663
3.98986e-17

53.3791,5.95263
7.38992e-16

34.4857,5.65817
6.62664e-16

42.9797,6.08408
1.02696e-15

33.4015,5.82728
9.26342e-16

59.0226,8.54714
1.0044e-15

23.7629,5.81837
8.60423e-16

43.6544,6.6
6.20164e-17

41.2693,6.48357
1.61676e-15

23.3441,5.44862
1.80203e-14

34.8382,5.99371
6.57634e-15

24.4293,5.72148
3.22815e-14

21.8247,5.38631
1.33227e-15

25.5164,5.59049
5.89806e-17

40.7297,6.16524
7.00828e-16

50.1266,5.56969
1.45717e-16

48.0682,5.70314
1.32533e-15

25.9696,5.10481
1.81521e-14

28.2115,5.22151
1.98452e-15

23.1057,5.00523
1.18308e-15

23.9701,5.17791
7.49401e-16

20.7977,5.04267
3.60822e-16

20.3523,4.987
4.47559e-16

34.5368,5.44963
5.3603e-16

41.0451,5.29683
7.97973e-17

54.6525,5.87231
1.22125e-15

46.3887,6.13047
4.39752e-16

35.0672,5.19233
3.57353e-15

19.1627,4.74899
5.93275e-16

24.1823,5.04733
6.99961e-15

23.4465,5.04545
3.71231e-15

40.2043,5.3039
6.17562e-16

36.545,5.23517
8.32667e-17

51.0949,5.89696
5.99347e-16

42.0642,5.86666
6.95451e-15

32.8588,5.36688
3.46945e-16

46.7744,6.01659
7.97973e-17

31.3822,5.12077
7.01349e-15

49.618,5.90899
2.23519e-15

34.3775,5.47132
2.45637e-15

30.5633,5.22261
1.70003e-16

20.0231,4.86317
4.52902e-14

36.837,5.78712
9.61037e-16

22.8136,4.7726
4.16681e-15

41.3849,5.82938
1.57513e-15

27.3854,4.73782
4.51028e-16

46.7489,6.16434
8.1532e-17

26.1208,5.32754
7.95287e-13

27.8488,5.21224
5.48173e-16

20.7561,4.95121
2.57657e-05

34.8048,6.02935
6.93889e-16

